21 
.1FX0A-1.p   0.000  1.025  0.550  1.078  1.126  0.418  0.975  0.916  0.532  1.033  0.511  1.057  1.124  0.549  0.754  0.365  0.893  0.738  1.138  1.026  0.898 
.1FX0B-1.p   1.025  0.000  1.161  0.400  1.179  1.023  1.048  1.130  1.053  1.104  1.152  0.431  1.262  1.005  0.856  1.084  1.243  0.958  1.148  1.256  1.122 
.1MABA-1.p   0.550  1.161  0.000  1.164  1.236  0.508  1.095  1.036  0.577  1.122  0.637  1.153  1.247  0.596  0.905  0.491  1.033  0.840  1.140  1.173  0.998 
.1NBMD-1.p   1.078  0.400  1.164  0.000  1.239  1.046  1.081  1.173  1.068  1.130  1.153  0.291  1.291  1.026  0.917  1.104  1.273  0.983  1.163  1.306  1.143 
.1PVOA-1.p   1.126  1.179  1.236  1.239  0.000  1.084  1.313  1.022  1.098  1.274  1.174  1.179  0.483  1.112  1.000  1.149  1.270  1.122  1.443  1.337  1.129 
.1SKYB-1.p   0.418  1.023  0.508  1.046  1.084  0.000  0.962  0.875  0.364  0.999  0.429  1.025  1.108  0.431  0.763  0.377  0.869  0.688  1.050  1.045  0.797 
.1SKYE-1.p   0.975  1.048  1.095  1.081  1.313  0.962  0.000  1.167  1.034  0.423  1.116  1.047  1.245  1.031  0.751  0.966  1.184  1.140  1.358  1.302  1.160 
.2OBLA-1.p   0.916  1.130  1.036  1.173  1.022  0.875  1.167  0.000  0.911  1.131  0.946  1.157  1.088  0.894  0.896  0.891  0.723  0.853  1.118  1.138  0.603 
.2QE7A-1.p   0.532  1.053  0.577  1.068  1.098  0.364  1.034  0.911  0.000  0.997  0.483  1.066  1.137  0.477  0.837  0.505  0.922  0.728  1.062  1.183  0.813 
.2QE7D-1.p   1.033  1.104  1.122  1.130  1.274  0.999  0.423  1.131  0.997  0.000  1.114  1.119  1.223  1.025  0.788  1.016  1.154  1.174  1.399  1.404  1.134 
.2R9VA-1.p   0.511  1.152  0.637  1.153  1.174  0.429  1.116  0.946  0.483  1.114  0.000  1.134  1.167  0.517  0.919  0.469  0.881  0.676  1.117  1.126  0.890 
.2XOKD-1.p   1.057  0.431  1.153  0.291  1.179  1.025  1.047  1.157  1.066  1.119  1.134  0.000  1.232  1.037  0.870  1.077  1.263  0.958  1.158  1.240  1.128 
.3L0OA-1.p   1.124  1.262  1.247  1.291  0.483  1.108  1.245  1.088  1.137  1.223  1.167  1.232  0.000  1.161  1.022  1.157  1.356  1.201  1.446  1.406  1.176 
.3OAAA-1.p   0.549  1.005  0.596  1.026  1.112  0.431  1.031  0.894  0.477  1.025  0.517  1.037  1.161  0.000  0.784  0.486  0.870  0.717  1.066  1.095  0.869 
.3OAAD-1.p   0.754  0.856  0.905  0.917  1.000  0.763  0.751  0.896  0.837  0.788  0.919  0.870  1.022  0.784  0.000  0.737  0.964  0.897  1.183  1.116  0.949 
.3OEEA-1.p   0.365  1.084  0.491  1.104  1.149  0.377  0.966  0.891  0.505  1.016  0.469  1.077  1.157  0.486  0.737  0.000  0.879  0.736  1.161  1.035  0.906 
.3VR6A-1.p   0.893  1.243  1.033  1.273  1.270  0.869  1.184  0.723  0.922  1.154  0.881  1.263  1.356  0.870  0.964  0.879  0.000  0.839  1.083  1.130  0.828 
.3VR6D-1.p   0.738  0.958  0.840  0.983  1.122  0.688  1.140  0.853  0.728  1.174  0.676  0.958  1.201  0.717  0.897  0.736  0.839  0.000  0.974  0.797  0.820 
.3W3AA-1.p   1.138  1.148  1.140  1.163  1.443  1.050  1.358  1.118  1.062  1.399  1.117  1.158  1.446  1.066  1.183  1.161  1.083  0.974  0.000  1.268  1.080 
.3W3AD-1.p   1.026  1.256  1.173  1.306  1.337  1.045  1.302  1.138  1.183  1.404  1.126  1.240  1.406  1.095  1.116  1.035  1.130  0.797  1.268  0.000  1.177 
.5B0OA-1.p   0.898  1.122  0.998  1.143  1.129  0.797  1.160  0.603  0.813  1.134  0.890  1.128  1.176  0.869  0.949  0.906  0.828  0.820  1.080  1.177  0.000 
