21 
.1FX0A-1.p   0.000  1.021  0.542  1.050  1.010  0.421  1.044  0.948  0.495  1.087  0.492  1.029  1.017  0.507  0.730  0.376  0.892  0.717  1.118  1.026  0.870 
.1FX0B-1.p   1.021  0.000  1.137  0.402  1.159  1.013  1.139  1.217  1.042  1.219  1.136  0.425  1.277  1.022  0.854  1.046  1.237  0.969  1.173  1.278  1.137 
.1MABA-1.p   0.542  1.137  0.000  1.123  1.122  0.498  1.168  1.049  0.535  1.181  0.606  1.117  1.135  0.576  0.887  0.491  1.003  0.826  1.155  1.191  0.935 
.1NBMD-1.p   1.050  0.402  1.123  0.000  1.208  1.021  1.151  1.248  1.044  1.226  1.121  0.281  1.306  1.036  0.891  1.047  1.242  0.983  1.195  1.290  1.151 
.1PVOA-1.p   1.010  1.159  1.122  1.208  0.000  0.991  1.317  0.962  1.000  1.299  1.046  1.157  0.518  1.010  0.986  1.038  1.179  1.022  1.398  1.265  1.024 
.1SKYB-1.p   0.421  1.013  0.498  1.021  0.991  0.000  1.020  0.910  0.321  1.043  0.439  1.004  1.014  0.433  0.731  0.379  0.871  0.660  1.046  1.041  0.774 
.1SKYE-1.p   1.044  1.139  1.168  1.151  1.317  1.020  0.000  1.216  1.067  0.432  1.154  1.118  1.282  1.111  0.851  1.030  1.142  1.155  1.376  1.350  1.157 
.2OBLA-1.p   0.948  1.217  1.049  1.248  0.962  0.910  1.216  0.000  0.936  1.202  0.957  1.238  1.005  0.944  0.926  0.904  0.831  0.873  1.226  1.155  0.637 
.2QE7A-1.p   0.495  1.042  0.535  1.044  1.000  0.321  1.067  0.936  0.000  1.024  0.472  1.037  1.032  0.464  0.793  0.470  0.904  0.694  1.052  1.136  0.777 
.2QE7D-1.p   1.087  1.219  1.181  1.226  1.299  1.043  0.432  1.202  1.024  0.000  1.143  1.212  1.275  1.110  0.918  1.062  1.127  1.188  1.396  1.424  1.139 
.2R9VA-1.p   0.492  1.136  0.606  1.121  1.046  0.439  1.154  0.957  0.472  1.143  0.000  1.101  1.013  0.488  0.849  0.440  0.874  0.678  1.107  1.088  0.855 
.2XOKD-1.p   1.029  0.425  1.117  0.281  1.157  1.004  1.118  1.238  1.037  1.212  1.101  0.000  1.253  1.037  0.859  1.029  1.237  0.959  1.190  1.248  1.146 
.3L0OA-1.p   1.017  1.277  1.135  1.306  0.518  1.014  1.282  1.005  1.032  1.275  1.013  1.253  0.000  1.039  1.014  1.036  1.210  1.095  1.413  1.317  1.059 
.3OAAA-1.p   0.507  1.022  0.576  1.036  1.010  0.433  1.111  0.944  0.464  1.110  0.488  1.037  1.039  0.000  0.749  0.447  0.905  0.727  1.103  1.076  0.838 
.3OAAD-1.p   0.730  0.854  0.887  0.891  0.986  0.731  0.851  0.926  0.793  0.918  0.849  0.859  1.014  0.749  0.000  0.694  0.920  0.844  1.151  1.092  0.906 
.3OEEA-1.p   0.376  1.046  0.491  1.047  1.038  0.379  1.030  0.904  0.470  1.062  0.440  1.029  1.036  0.447  0.694  0.000  0.866  0.708  1.155  1.022  0.851 
.3VR6A-1.p   0.892  1.237  1.003  1.242  1.179  0.871  1.142  0.831  0.904  1.127  0.874  1.237  1.210  0.905  0.920  0.866  0.000  0.815  1.070  1.112  0.880 
.3VR6D-1.p   0.717  0.969  0.826  0.983  1.022  0.660  1.155  0.873  0.694  1.188  0.678  0.959  1.095  0.727  0.844  0.708  0.815  0.000  0.973  0.813  0.801 
.3W3AA-1.p   1.118  1.173  1.155  1.195  1.398  1.046  1.376  1.226  1.052  1.396  1.107  1.190  1.413  1.103  1.151  1.155  1.070  0.973  0.000  1.265  1.143 
.3W3AD-1.p   1.026  1.278  1.191  1.290  1.265  1.041  1.350  1.155  1.136  1.424  1.088  1.248  1.317  1.076  1.092  1.022  1.112  0.813  1.265  0.000  1.173 
.5B0OA-1.p   0.870  1.137  0.935  1.151  1.024  0.774  1.157  0.637  0.777  1.139  0.855  1.146  1.059  0.838  0.906  0.851  0.880  0.801  1.143  1.173  0.000 
