16 
.1BXKA-1.p   0.000  1.006  0.304  0.778  1.101  1.198  0.804  1.050  1.373  1.044  1.206  0.651  1.080  0.998  1.041  0.966 
.1EK5A-1.p   1.006  0.000  1.049  1.244  1.292  1.297  1.210  1.291  1.488  1.214  1.364  1.069  1.107  0.730  0.671  0.668 
.1G1AA-1.p   0.304  1.049  0.000  0.688  0.990  1.154  0.724  1.181  1.278  0.959  1.108  0.662  0.983  0.969  1.035  0.959 
.1KEPA-1.p   0.778  1.244  0.688  0.000  0.947  1.100  0.483  1.238  1.208  0.846  0.994  0.806  0.893  1.094  1.169  1.111 
.1N7GA-1.p   1.101  1.292  0.990  0.947  0.000  0.890  0.917  1.251  0.594  0.349  0.855  1.086  0.735  1.069  1.165  1.118 
.1ORRA-1.p   1.198  1.297  1.154  1.100  0.890  0.000  1.061  1.225  1.052  0.868  1.010  1.150  0.912  1.041  1.125  1.111 
.1R66A-1.p   0.804  1.210  0.724  0.483  0.917  1.061  0.000  1.233  1.089  0.833  0.937  0.796  0.903  1.038  1.125  1.052 
.1RKXA-1.p   1.050  1.291  1.181  1.238  1.251  1.225  1.233  0.000  1.448  1.211  0.767  0.941  1.236  1.213  1.257  1.227 
.1RPNA-1.p   1.373  1.488  1.278  1.208  0.594  1.052  1.089  1.448  0.000  0.709  0.990  1.301  0.896  1.216  1.297  1.286 
.1T2AA-1.p   1.044  1.214  0.959  0.846  0.349  0.868  0.833  1.211  0.709  0.000  0.886  1.014  0.657  1.013  1.094  1.034 
.1WVGA-1.p   1.206  1.364  1.108  0.994  0.855  1.010  0.937  0.767  0.990  0.886  0.000  1.076  0.912  1.056  1.158  1.148 
.2HUNA-1.p   0.651  1.069  0.662  0.806  1.086  1.150  0.796  0.941  1.301  1.014  1.076  0.000  1.077  1.013  1.045  1.001 
.2PK3A-1.p   1.080  1.107  0.983  0.893  0.735  0.912  0.903  1.236  0.896  0.657  0.912  1.077  0.000  0.886  0.979  0.943 
.2UDPA-1.p   0.998  0.730  0.969  1.094  1.069  1.041  1.038  1.213  1.216  1.013  1.056  1.013  0.886  0.000  0.442  0.514 
.3ENKA-1.p   1.041  0.671  1.035  1.169  1.165  1.125  1.125  1.257  1.297  1.094  1.158  1.045  0.979  0.442  0.000  0.472 
.4LISA-1.p   0.966  0.668  0.959  1.111  1.118  1.111  1.052  1.227  1.286  1.034  1.148  1.001  0.943  0.514  0.472  0.000 
